
size: 2
0.085
0.017
0.031
0.014
0.03
0.046
0.018
0.021
0.038
0.112
0.042
0.015
0.091
0.058
0.045
0.029
0.043
0.12
0.072
0.043
0.03
0.06
0.029
0.073
0.028
0.04
0.081
0.023
0.023
0.082
0.022
0.064
0.045
0.047
0.047
0.066
0.043
0.023
0.022
0.045
0.332
0.043
0.066
0.126
0.109
0.024
0.09
0.045
0.085
0.024
0.023
0.079
0.047
0.084
0.086
0.023
0.047
0.046
0.047
0.048
0.095
0.022
0.045
0.092
0.046
0.193
0.047
0.023
0.132
0.068
0.053
0.054
0.046
0.063
0.046
0.104
0.042
0.084
0.024
0.133
0.149
0.09
0.168
0.179
0.047
0.258
0.023
0.024
0.144
0.023
0.047
0.023
0.1
0.023
0.064
0.088
0.044
0.062
0.051
0.351
size: 3
0.88
0.127
0.142
0.036
0.231
0.204
0.337
0.102
0.108
0.016
0.025
0.616
0.335
0.792
0.116
0.084
0.068
0.306
0.063
0.046
0.094
0.017
0.305
0.212
0.603
0.049
0.077
0.065
0.189
0.109
0.126
0.383
0.597
0.298
0.065
0.243
0.083
0.388
0.7
0.321
0.617
0.183
0.015
0.092
0.021
0.231
0.312
0.07
0.378
0.219
0.062
0.307
0.194
0.215
0.061
0.041
0.06
0.038
0.424
0.082
0.217
0.268
0.069
0.146
0.017
0.108
0.033
0.04
0.042
0.154
0.129
0.216
0.316
0.045
0.139
0.128
0.029
0.438
0.127
0.221
0.044
0.066
0.276
0.252
0.38
0.017
0.085
0.258
0.27
0.063
0.263
0.158
0.109
0.108
0.14
0.045
0.038
0.071
0.595
0.212
size: 4
1.146
0.289
0.235
0.09
0.221
0.062
0.126
0.075
0.064
0.356
0.166
0.11
0.315
0.363
0.206
0.132
1.383
0.245
0.085
0.042
0.234
0.705
0.242
0.299
0.202
0.171
0.126
0.171
0.893
0.149
0.062
0.173
0.515
0.282
0.521
0.584
0.156
0.21
1.091
0.152
0.734
0.361
0.388
0.745
0.016
0.426
0.109
0.444
0.245
1.744
0.204
0.397
0.039
0.209
0.108
0.825
0.799
0.251
0.647